Statistic	PH1177	PH1178	PH1183	PH1184	PH1194	PH1203	PH1199R	PH1199N	PH1214.5	PH1214.30	PH1217.10	PH1217.30	PH1217.S10	PH1217.F30	PH1230	PH1238	PH1239	PH1243	B23	B30	B31	B34	B36	B39	A5	A6	A12	A16	A25	A40	C1	C2	C3	C4	C5	C8
Genome	GRCh38	GRCh38	GRCh38	GRCh38	GRCh38	GRCh38	GRCh38	GRCh38	GRCh38	GRCh38	GRCh38	GRCh38	GRCh38	GRCh38	GRCh38	GRCh38	GRCh38	GRCh38	GRCh38	GRCh38	GRCh38	GRCh38	GRCh38	GRCh38	GRCh38	GRCh38	GRCh38	GRCh38	GRCh38	GRCh38	GRCh38	GRCh38	GRCh38	GRCh38	GRCh38	GRCh38
Pipeline.version	cellranger-arc-2.0.0	cellranger-arc-2.0.0	cellranger-arc-2.0.0	cellranger-arc-2.0.0	cellranger-arc-2.0.0	cellranger-arc-2.0.0	cellranger-arc-2.0.0	cellranger-arc-2.0.0	cellranger-arc-2.0.0	cellranger-arc-2.0.0	cellranger-arc-2.0.0	cellranger-arc-2.0.0	cellranger-arc-2.0.0	cellranger-arc-2.0.0	cellranger-arc-2.0.0	cellranger-arc-2.0.0	cellranger-arc-2.0.0	cellranger-arc-2.0.0	cellranger-arc-2.0.0	cellranger-arc-2.0.0	cellranger-arc-2.0.0	cellranger-arc-2.0.0	cellranger-arc-2.0.0	cellranger-arc-2.0.0	cellranger-arc-2.0.0	cellranger-arc-2.0.0	cellranger-arc-2.0.0	cellranger-arc-2.0.0	cellranger-arc-2.0.0	cellranger-arc-2.0.0	cellranger-arc-2.0.0	cellranger-arc-2.0.0	cellranger-arc-2.0.0	cellranger-arc-2.0.0	cellranger-arc-2.0.0	cellranger-arc-2.0.0
Estimated.number.of.cells	3874	3225	307	606	1907	3347	4011	2330	20000	5752	3740	1937	2853	3271	6340	9137	9841	3034	5342	2277	1077	2978	5128	1589	1865	2677	1109	1240	3202	9099	5081	5423	4466	2454	516	2294
Feature.linkages.detected	2010	9443	210	1554	2260	2739	33833	285049	2253	215987	33196	395885	12367	112215	12299	8690	12062	3396	1048	2214	1485	2435	168389	2923	627	787	1288	691	2403	1393	1097	1506	17485	1416	650	117063
Linked.genes	1081	2626	39	703	1086	1201	4857	6252	1600	6779	2855	5139	3930	7946	3727	3290	4243	1378	776	908	491	1316	6780	1226	489	614	722	442	1398	1004	678	1058	4110	953	331	4981
Linked.peaks	1600	13124	329	2015	2718	3780	23223	47212	2541	50259	18795	57023	13257	30391	10812	11243	8460	2117	1090	3004	1191	2876	29256	4008	679	840	1633	843	2212	1574	1267	1680	8918	1463	833	23625
ATAC.Confidently.mapped.read.pairs	0.8734	0.8621	0.8764	0.8634	0.8679	0.8611	0.865	0.8771	0.8885	0.8868	0.9026	0.9104	0.8371	0.8727	0.9135	0.8866	0.9042	0.8635	0.8858	0.8967	0.8882	0.8927	0.8937	0.8866	0.8879	0.8834	0.8756	0.888	0.8791	0.886	0.8833	0.8869	0.8906	0.883	0.8879	0.8944
ATAC.Fraction.of.genome.in.peaks	0.0069	0.0253	0.0031	0.0196	0.0081	0.0216	0.0229	0.0448	0.0572	0.0579	0.0455	0.065	0.021	0.0315	0.0359	0.0207	0.0236	0.013	0.0064	0.0161	0.0064	0.0164	0.0215	0.0173	0.0048	0.009	0.0102	0.0066	0.0114	0.009	0.0068	0.0074	0.0144	0.009	0.0096	0.0206
ATAC.Fraction.of.high.quality.fragments.in.cells	0.1728	0.0384	0.0151	0.0165	0.0697	0.0591	0.2619	0.6978	0.6406	0.7364	0.8772	0.893	0.4779	0.3952	0.726	0.5922	0.648	0.3566	0.1677	0.2431	0.0845	0.4635	0.5233	0.0698	0.0991	0.356	0.0585	0.1755	0.3643	0.4236	0.1558	0.2193	0.2607	0.1468	0.0385	0.4381
ATAC.Fraction.of.high.quality.fragments.overlapping.TSS	0.2398	0.2138	0.3002	0.2811	0.2048	0.1988	0.3353	0.3715	0.2528	0.3016	0.3512	0.34	0.2241	0.2925	0.3368	0.1931	0.2478	0.2393	0.2363	0.1287	0.3504	0.1826	0.4731	0.1261	0.1153	0.1484	0.1074	0.102	0.1793	0.1434	0.1613	0.1458	0.4427	0.1353	0.1144	0.3564
ATAC.Fraction.of.high.quality.fragments.overlapping.peaks	0.1805	0.164	0.1966	0.1655	0.1346	0.1507	0.3587	0.5749	0.4684	0.5627	0.6137	0.664	0.2192	0.4179	0.4862	0.2141	0.2798	0.2052	0.1918	0.1308	0.3004	0.1638	0.5599	0.1167	0.0559	0.1074	0.0657	0.0589	0.1521	0.096	0.1114	0.0977	0.5083	0.0936	0.0708	0.3974
ATAC.Fraction.of.transposition.events.in.peaks.in.cells	0.1699	0.1566	0.1897	0.1614	0.1281	0.1488	0.3495	0.5514	0.441	0.5342	0.568	0.6385	0.2019	0.4004	0.4564	0.1978	0.2605	0.1915	0.1793	0.1206	0.2751	0.1522	0.5318	0.1072	0.0512	0.0985	0.0605	0.0541	0.1399	0.0865	0.1028	0.0908	0.4779	0.0857	0.065	0.3648
ATAC.Mean.raw.read.pairs.per.cell	50133.6	83252.62	115888.9	417983.9	210941.4	71228.6	55667.75	81930.02	11740.64	32772.93	48598.32	104146.4	71459.56	60027.53	29973.74	19117.71	17937.06	80300.37	18403.19	72076.5	179675.8	63919.44	27849.65	98332.46	60312.1	32876.28	111529.1	77177.22	37836.81	20730.34	37133.41	25348.79	22457.03	91609.86	366974	77758.27
ATAC.Median.high.quality.fragments.per.cell	3583.5	2281	150	3478.5	4924	2639	5421	14723	3035	8483.5	8361.5	33235	5237	9085	10076	1689	5300	13079.5	1287	8212	8033	8876.5	7725	3574	2418	5985	3571	7711	6684	4236	2981	2354	3134	6002.5	7457	19838
ATAC.Non.nuclear.read.pairs	8.00E-04	0.0026	0.0029	3.00E-04	5.00E-04	5.00E-04	0.01	0.0274	0.0889	0.0849	0.0254	0.0327	0.0053	0.0213	0.0146	0.0382	0.0152	0.0499	5.00E-04	0.003	0.0013	0.0058	0.0099	0.0028	3.00E-04	0.0012	8.00E-04	7.00E-04	0.001	0.0042	4.00E-04	6.00E-04	0.0021	4.00E-04	3.00E-04	0.0046
ATAC.Number.of.peaks	24293	83946	10998	57877	27898	48773	69394	155839	204657	205252	166628	233899	75721	108918	128794	73853	84326	46320	23185	59078	23448	60251	76531	63951	17369	32786	37422	23968	41465	33187	24820	27174	51721	33110	35358	74990
ATAC.Percent.duplicates	0.2792	0.1215	0.6965	0.2477	0.3909	0.1827	0.3618	0.5824	0.3645	0.3301	0.7018	0.4543	0.5347	0.3903	0.256	0.3654	0.155	0.2047	0.065	0.1034	0.2152	0.1292	0.2336	0.113	0.0546	0.072	0.065	0.0721	0.0814	0.1354	0.0686	0.0597	0.1096	0.05	0.0868	0.2526
ATAC.Q30.bases.in.barcode	0.9135	0.9104	0.92	0.9196	0.9023	0.9139	0.9075	0.9139	0.9165	0.8884	0.9087	0.9103	0.9104	0.9091	0.791	0.8093	0.8246	0.8517	0.9283	0.954	0.9561	0.9468	0.9557	0.9448	0.9214	0.9213	0.922	0.9248	0.9264	0.9493	0.9283	0.9275	0.943	0.9284	0.9202	0.9525
ATAC.Q30.bases.in.read.1	0.9542	0.9502	0.9571	0.9576	0.9474	0.9487	0.946	0.9443	0.9591	0.9499	0.9581	0.9594	0.9564	0.9603	0.9358	0.9278	0.9257	0.9344	0.9607	0.9686	0.9742	0.9621	0.9624	0.9491	0.961	0.9625	0.9628	0.9633	0.9629	0.9688	0.9603	0.9609	0.9551	0.9548	0.9625	0.9732
ATAC.Q30.bases.in.read.2	0.9477	0.9508	0.9516	0.9539	0.9488	0.9535	0.952	0.9507	0.938	0.9418	0.9364	0.939	0.9371	0.9374	0.9067	0.9153	0.919	0.9263	0.8896	0.9006	0.9142	0.9003	0.9083	0.8719	0.8754	0.8534	0.882	0.8936	0.8592	0.9014	0.8879	0.8807	0.8793	0.8503	0.8768	0.9113
ATAC.Q30.bases.in.sample.index.i1	0.886	0.9299	0.915	0.9254	0.9125	0.9048	0.9143	0.8723	0.8749	0.8943	0.9166	0.8629	0.9297	0.8776	0.8642	0.8552	0.8693	0.9043	0.9513	0.9561	0.9725	0.9526	0.9536	0.9313	0.9512	0.9373	0.9492	0.9566	0.9349	0.9498	0.9494	0.9462	0.9486	0.951	0.9584	0.9646
ATAC.Sequenced.read.pairs	194217558	268489714	35577898	253298272	402265228	238402135	223283343	190896941	234812843	188509917	181757724	201731596	203874138	196350066	190033539	174678558	176518634	243631325	98309828	164118193	193510819	190352107	142812994	156250284	112482073	88009795	123685807	95699749	121153475	188625363	188674834	137466508	100293081	224810588	189358561	178377476
ATAC.TSS.enrichment.score	3.5724	2.1573	5.2782	1.923	2.3971	2.3194	5.7005	8.174	6.3245	6.661	7.5052	8.0644	4.2466	6.1357	7.3697	4.5124	5.3892	4.0786	4.1167	4.5995	3.531	5.2471	10.1551	3.7551	2.4695	4.2343	2.9545	2.9229	4.5647	3.7449	3.0108	3.5037	7.1808	3.2266	2.7262	6.3754
ATAC.Unmapped.read.pairs	0.0061	0.0061	0.0041	0.0041	0.0057	0.0049	0.0182	0.0286	0.0076	0.0126	0.0214	0.0113	0.0457	0.012	0.0107	0.0112	0.0067	0.0076	0.0063	0.0071	0.0062	0.0051	0.0094	0.0139	0.0074	0.0172	0.0073	0.0059	0.0165	0.0111	0.0076	0.0074	0.0078	0.0115	0.0079	0.0086
ATAC.Valid.barcodes	0.986	0.9864	0.9384	0.9872	0.9856	0.9855	0.9851	0.9861	0.9886	0.9846	0.9861	0.9863	0.9875	0.9877	0.9265	0.9507	0.9568	0.9673	0.9654	0.9804	0.9807	0.98	0.9834	0.9803	0.9605	0.9635	0.9642	0.9693	0.9647	0.9762	0.9682	0.9672	0.9744	0.9673	0.9643	0.9765
GEX.Fraction.of.transcriptomic.reads.in.cells	0.6695	0.2359	0.0237	0.5335	0.401	0.4065	0.2888	0.7124	0.3902	0.7671	0.7403	0.5799	0.6358	0.6341	0.7435	0.6178	0.7572	0.6358	0.7748	0.3906	0.684	0.7676	0.8381	0.155	0.5276	0.6338	0.1842	0.5704	0.7885	0.5727	0.68	0.6685	0.686	0.5976	0.1047	0.8107
GEX.Mean.raw.reads.per.cell	47600.72	38232.42	261622.3	286157.9	86440.55	26166.43	28044.62	44798.24	7256.702	29706.19	46129.64	90479.42	58207.8	53623.02	28458.1	22484.72	22623.14	76722.15	19098.6	43031.9	140869.6	22871.34	23044.14	51339.5	48688.54	29038.39	67155.95	72868.05	31616.11	16594.74	25127.17	16355.6	31823.42	56008.49	207297.8	68202.64
GEX.Median.UMI.counts.per.cell	607	2491	3	2664.5	642	521	979	738	116	463	82	865	1497	2817	5705.5	161	2935	2169.5	2402	1242	1583	1359	2205.5	561	1328	2414	1413	1592	2563	151	1385	1356	2415.5	2260	589.5	3026
GEX.Median.genes.per.cell	422	1359	3	1376	472	394	703	596.5	109	383	71	625	1072	1652	2899	143	1728	1494	1340.5	849	973	861	1274	371	897	1413	723	1046	1433.5	136	861	897	1298.5	1360	349.5	1669.5
GEX.Percent.duplicates	0.9128	0.4328	0.9613	0.9018	0.9422	0.912	0.6154	0.8877	0.8597	0.8266	0.9728	0.9015	0.8824	0.7213	0.4124	0.8694	0.3973	0.8408	0.7144	0.8134	0.9041	0.7738	0.768	0.8206	0.8663	0.732	0.7325	0.917	0.8075	0.9094	0.8145	0.7174	0.7614	0.8329	0.9357	0.8706
GEX.Q30.bases.in.UMI	0.9586	0.9587	0.9714	0.9703	0.97	0.972	0.9725	0.9725	0.9635	0.9628	0.9613	0.963	0.9617	0.9625	0.9434	0.9423	0.9432	0.9449	0.9818	0.9744	0.9658	0.98	0.9769	0.9763	0.9806	0.9825	0.9825	0.9786	0.9825	0.9759	0.9794	0.978	0.9793	0.9811	0.9733	0.9613
GEX.Q30.bases.in.barcode	0.9563	0.9578	0.9612	0.963	0.9566	0.96	0.9604	0.961	0.9568	0.9568	0.9546	0.9563	0.9547	0.956	0.9478	0.9465	0.9484	0.9489	0.9796	0.9741	0.9705	0.9785	0.9752	0.9751	0.9786	0.9807	0.9809	0.9771	0.9807	0.9765	0.9777	0.9763	0.977	0.9795	0.9733	0.9657
GEX.Q30.bases.in.read.2	0.9442	0.946	0.9239	0.9464	0.9515	0.9611	0.9372	0.9603	0.9446	0.9363	0.9497	0.9477	0.9538	0.9557	0.9255	0.9139	0.9208	0.9096	0.8067	0.7388	0.7367	0.8206	0.8126	0.7341	0.755	0.7211	0.7649	0.7264	0.795	0.7417	0.7735	0.7547	0.7766	0.7769	0.7368	0.7692
GEX.Q30.bases.in.sample.index.i1	0.9783	0.9644	0.852	0.9588	0.9076	0.8553	0.8943	0.9391	0.9335	0.9767	0.9617	0.9632	0.9223	0.9685	0.9632	0.9599	0.9701	0.9165	0.8784	0.8756	0.9631	0.808	0.8977	0.8722	0.9334	0.9366	0.9509	0.9277	0.9294	0.9587	0.9237	0.9408	0.8516	0.8534	0.9781	0.9194
GEX.Q30.bases.in.sample.index.i2	0.9353	0.9565	0.948	0.9172	0.9632	0.9678	0.9764	0.9615	0.9109	0.9664	0.9613	0.9697	0.9608	0.9645	0.9189	0.9068	0.9002	0.8811	0.8167	0.4767	0.7314	0.5966	0.6666	0.8922	0.8092	0.8404	0.7733	0.9156	0.846	0.7303	0.8511	0.8826	0.8234	0.6818	0.6626	0.782
GEX.Reads.mapped.antisense.to.gene	0.1132	0.1041	0.0187	0.1046	0.1963	0.0889	0.1093	0.1967	0.2128	0.1301	0.1213	0.0664	0.0911	0.078	0.2168	0.1219	0.157	0.2195	0.1455	0.075	0.0622	0.11	0.1702	0.0822	0.0633	0.06	0.062	0.0622	0.0873	0.0674	0.1098	0.0795	0.1878	0.1192	0.0573	0.0578
GEX.Reads.mapped.confidently.to.exonic.regions	0.5244	0.486	0.0428	0.3783	0.2933	0.6144	0.3961	0.4057	0.3578	0.4969	0.369	0.3344	0.1747	0.1941	0.2492	0.464	0.4828	0.3827	0.3938	0.48	0.1258	0.5688	0.4471	0.5034	0.3858	0.5649	0.462	0.4949	0.4407	0.3319	0.4255	0.4403	0.4703	0.4108	0.5691	0.3347
GEX.Reads.mapped.confidently.to.genome	0.8557	0.881	0.0831	0.7717	0.8342	0.9248	0.7098	0.8731	0.8253	0.8201	0.7723	0.7137	0.7856	0.7405	0.8797	0.8352	0.9036	0.8743	0.9103	0.7003	0.2629	0.9033	0.8816	0.8052	0.8126	0.8812	0.8532	0.8577	0.8852	0.521	0.8672	0.8595	0.9078	0.8677	0.7894	0.5857
GEX.Reads.mapped.confidently.to.intergenic.regions	0.0981	0.1416	0.0215	0.1819	0.1498	0.056	0.1071	0.049	0.0532	0.0483	0.0834	0.0891	0.0781	0.0928	0.0913	0.058	0.0646	0.0622	0.0836	0.0558	0.0153	0.0579	0.0523	0.1353	0.1786	0.0776	0.1914	0.1212	0.0885	0.0392	0.13	0.129	0.0653	0.1263	0.1219	0.0445
GEX.Reads.mapped.confidently.to.intronic.regions	0.2333	0.2534	0.0189	0.2115	0.3911	0.2544	0.2066	0.4184	0.4142	0.2748	0.3198	0.2901	0.5329	0.4536	0.5392	0.3132	0.3562	0.4295	0.433	0.1644	0.1218	0.2766	0.3822	0.1665	0.2483	0.2386	0.1998	0.2416	0.356	0.1499	0.3117	0.2902	0.3722	0.3306	0.0984	0.2065
GEX.Reads.mapped.confidently.to.transcriptome	0.6396	0.6296	0.0425	0.4811	0.4831	0.7734	0.4894	0.621	0.5531	0.6362	0.5618	0.5527	0.6081	0.5624	0.5642	0.6492	0.676	0.5858	0.6728	0.5635	0.1832	0.7273	0.6517	0.5831	0.5647	0.7351	0.5961	0.6669	0.7008	0.4099	0.6211	0.6446	0.6489	0.6155	0.6054	0.4785
GEX.Reads.mapped.to.genome	0.9566	0.9612	0.1435	0.9055	0.9285	0.9621	0.8706	0.9613	0.9136	0.8825	0.9528	0.9112	0.9338	0.9615	0.9596	0.9289	0.9657	0.9556	0.9524	0.7256	0.2723	0.9343	0.9127	0.8847	0.925	0.9282	0.9313	0.9121	0.9431	0.5487	0.9358	0.9193	0.9374	0.9273	0.8396	0.6101
GEX.Reads.with.TSO	0.0799	0.0961	0.8113	0.4355	0.1674	0.1023	0.3405	0.1043	0.2391	0.3456	0.224	0.4517	0.602	0.3816	0.1793	0.2864	0.2401	0.1406	0.1207	0.2797	0.6374	0.1543	0.1601	0.1974	0.233	0.1712	0.2059	0.1741	0.1948	0.4355	0.139	0.1592	0.134	0.2008	0.1694	0.3578
GEX.Sequenced.read.pairs	184405197	123299545	80318038	173411658	164842138	87579029	112486957	104379900	145134045	170869982	172524843	175258637	166066863	175400899	180424344	205442856	222634320	232775017	102024741	97983636	151716512	68110838	118170326	81578471	90804118	77735761	74475943	90356382	101234789	150995496	127671156	88696424	142123387	137444826	106965667	156456858
GEX.Total.genes.detected	27100	26818	1053	25440	23663	23568	27189	26908	26697	28860	22745	26210	27525	29370	31296	28781	31187	30027	26067	26351	20011	26533	26370	24682	25937	27420	23764	25764	27130	26849	26850	27611	25740	28410	19796	24339
GEX.Valid.UMIs	0.9919	0.9919	0.9996	0.9997	0.9968	0.9967	0.9968	0.9968	0.9937	0.9938	0.9938	0.9938	0.9939	0.9939	0.9995	0.9995	0.9995	0.9995	0.9981	0.9977	0.9982	0.9994	0.9994	0.9996	0.9982	0.9982	0.9983	0.9983	0.9982	0.9988	0.9982	0.9983	0.997	0.9968	0.9996	0.9981
GEX.Valid.barcodes	0.9539	0.9479	0.7734	0.9454	0.9237	0.9378	0.9297	0.9224	0.9306	0.9552	0.913	0.9531	0.9656	0.9505	0.9414	0.9518	0.9472	0.9299	0.9638	0.9704	0.9907	0.9731	0.9753	0.9502	0.9575	0.971	0.9631	0.9711	0.965	0.9803	0.959	0.966	0.9722	0.9694	0.9485	0.982
